========================================
google doc:
https://docs.google.com/spreadsheets/d/1YLsGU5cfI71pad520UPums19aeNEc4pLFWqmxQXMoDk/edit?usp=sharing
====================
my pgp key:  https://pgp.mit.edu/pks/lookup?op=get&search=0xEB1185F82713D6DF 
====================
python code for continued fractions:
https://github.com/AristotleUniversity/python_scripts/blob/master/cont_fractions.py
====================
ex.5
C=[3203,909,3143,5255,5343,3203,909,9958,5278,5343,9958,5278,4674,909,9958,792,909,4132,3143,9958,3203,5343,792,3143,4443]
====================
ex.6 (ii)
C=[47406263192693509,51065178201172223,30260565235128704,82385963334404268
8169156663927929,47406263192693509,178275977336696442,134434295894803806
112111571835512307,119391151761050882,30260565235128704,82385963334404268
134434295894803806,47406263192693509,45815320972560202,174632229312041248
30260565235128704,47406263192693509,119391151761050882,57208077766585306
134434295894803806,47406263192693509,119391151761050882,47406263192693509
112111571835512307,52882851026072507,119391151761050882,57208077766585306
119391151761050882,112111571835512307,8169156663927929,134434295894803806
57208077766585306,47406263192693509,185582105275050932,174632229312041248
134434295894803806,82385963334404268,172565386393443624,106356501893546401
8169156663927929,47406263192693509,10361059720610816,134434295894803806
119391151761050882,172565386393443624,47406263192693509,8169156663927929
52882851026072507,119391151761050882,8169156663927929,47406263192693509
45815320972560202,174632229312041248,30260565235128704,47406263192693509
52882851026072507,119391151761050882,111523408212481879,134434295894803806
47406263192693509,112111571835512307,52882851026072507,119391151761050882
57208077766585306,119391151761050882,112111571835512307,8169156663927929
134434295894803806,57208077766585306]
==================== END ====================